Peso[0][0][0]=0.400000
Peso[0][0][1]=-0.100000
Peso[0][0][2]=0.200000
Peso[0][0][3]=-0.100000
Peso[0][0][4]=0.200000
Peso[0][1][0]=0.300000
Peso[0][1][1]=-0.200000
Peso[0][1][2]=0.200000
Peso[0][1][3]=-0.400000
Peso[0][1][4]=0.200000
Peso[0][2][0]=-0.400000
Peso[0][2][1]=0.200000
Peso[0][2][2]=-0.400000
Peso[0][2][3]=0.200000
Peso[0][2][4]=0.000000
Peso[0][3][0]=-0.500000
Peso[0][3][1]=-0.300000
Peso[0][3][2]=-0.200000
Peso[0][3][3]=-0.500000
Peso[0][3][4]=0.100000
Peso[0][4][0]=-0.300000
Peso[0][4][1]=0.300000
Peso[0][4][2]=-0.300000
Peso[0][4][3]=-0.300000
Peso[0][4][4]=0.200000
Peso[1][0][0]=0.300000
Peso[1][0][1]=-0.100000
Peso[1][1][0]=0.100000
Peso[1][1][1]=0.000000
Peso[1][2][0]=-0.100000
Peso[1][2][1]=-0.100000
Peso[1][3][0]=0.000000
Peso[1][3][1]=-0.500000
Peso[1][4][0]=-0.200000
Peso[1][4][1]=0.400000
